Long_Penman_Monthly_Cumulative, Short_Penman_Monthly_Cumulative, Hargreaves_Cumulative
[[ 309.58028977  211.3141108   322.40670583]
 [ 670.1554571   459.69351177  606.60525376]
 [1281.65845882  875.50975921 1010.35582167]
 [2005.60730702 1367.66736064 1499.3165511 ]
 [2849.10449503 1979.67969833 2086.75323583]
 [3665.02271861 2605.67640278 2684.80316201]
 [4309.93681847 3041.67741485 3296.63316703]
 [4791.82729661 3304.79434184 3860.91726833]
 [5242.32212216 3555.37444346 4371.99177387]
 [5775.30439622 3856.55202865 4823.95060053]
 [6158.34096641 4091.17543912 5145.1686509 ]
 [6312.21988928 4209.97515349 5424.77027391]]Long_Penman_Monthly_Cumulative, Short_Penman_Monthly_Cumulative, Hargreaves_Cumulative
[[ 321.97242572  216.06753421  322.40670583]
 [ 700.52171078  472.3591141   606.60525376]
 [1332.70613378  892.41572871 1010.35582167]
 [2069.05885325 1377.14790171 1499.3165511 ]
 [2894.89695127 1952.96905028 2086.75323583]
 [3684.08151217 2538.43116615 2684.80316201]
 [4518.13059042 3233.22070499 3296.63316703]
 [5276.10793536 3881.90071482 3860.91726833]
 [5893.06572881 4386.87719976 4371.99177387]
 [6475.31774259 4817.42622412 4823.95060053]
 [6808.90482736 5048.08908007 5145.1686509 ]
 [6962.93538603 5163.70291664 5424.77027391]]Long_Penman_Monthly_Cumulative, Short_Penman_Monthly_Cumulative, Hargreaves_Cumulative
[[ 321.97242572  216.06753421  322.40670583]
 [ 700.52171078  472.3591141   606.60525376]
 [1332.70613378  892.41572871 1010.35582167]
 [2069.05885325 1377.14790171 1499.3165511 ]
 [2894.89695127 1952.96905028 2086.75323583]
 [3684.08151217 2538.43116615 2684.80316201]
 [4518.13059042 3233.22070499 3296.63316703]
 [5276.10793536 3881.90071482 3860.91726833]
 [5893.06572881 4386.87719976 4371.99177387]
 [6475.31774259 4817.42622412 4823.95060053]
 [6808.90482736 5048.08908007 5145.1686509 ]
 [6962.93538603 5163.70291664 5424.77027391]]Long_Penman_Monthly_Cumulative, Short_Penman_Monthly_Cumulative, Hargreaves_Cumulative
[[ 321.97242572  216.06753421  322.40670583]
 [ 700.52171078  472.3591141   606.60525376]
 [1332.70613378  892.41572871 1010.35582167]
 [2069.05885325 1377.14790171 1499.3165511 ]
 [2894.89695127 1952.96905028 2086.75323583]
 [3684.08151217 2538.43116615 2684.80316201]
 [4518.13059042 3233.22070499 3296.63316703]
 [5276.10793536 3881.90071482 3860.91726833]
 [5893.06572881 4386.87719976 4371.99177387]
 [6475.31774259 4817.42622412 4823.95060053]
 [6808.90482736 5048.08908007 5145.1686509 ]
 [6962.93538603 5163.70291665 5424.77027391]]